pkg load image

w = [1/9, 1/9, 1/9; 1/9, 1/9, 1/9; 1/9, 1/9, 1/9];

f = 